100068157062|8157062 100068157062
100063623163|3623163 100063623163
100061377710|1377710 100061377710
100069647526|9647526 100069647526
100063173120|3173120 100063173120
100066434553|6434553 100066434553
100062126575|2126575 100062126575
100064404952|4404952 100064404952
100063924791|3924791 100063924791
100066600680|6600680 100066600680
100067404163|7404163 100067404163
100063404475|3404475 100063404475
100063863606|3863606 100063863606
100064516405|4516405 100064516405
100062166519|2166519 100062166519
100063246940|3246940 100063246940
100066736441|6736441 100066736441
100063975305|3975305 100063975305
100064929303|4929303 100064929303
100067912953|7912953 100067912953
100069556365|9556365 100069556365
100061456978|1456978 100061456978
100063220973|3220973 100063220973
100066177076|6177076 100066177076
100068692192|8692192 100068692192
100060020353|0020353 100060020353
100064937582|4937582 100064937582
100066731289|6731289 100066731289
100068037532|8037532 100068037532
100069316951|9316951 100069316951
100062069637|2069637 100062069637
100065508793|5508793 100065508793
100066936063|6936063 100066936063
100060940041|0940041 100060940041
100069793343|9793343 100069793343
100067272447|7272447 100067272447
100069458063|9458063 100069458063
100066341963|6341963 100066341963
100069341861|9341861 100069341861
100068150466|8150466 100068150466
100062450643|2450643 100062450643
100069950654|9950654 100069950654
100065377167|5377167 100065377167
100061890254|1890254 100061890254
100068262774|8262774 100068262774
100063657921|3657921 100063657921
100064604835|4604835 100064604835
100061994259|1994259 100061994259
100069414442|9414442 100069414442
100060307111|0307111 100060307111
100067399117|7399117 100067399117
100065874267|5874267 100065874267
100063713997|3713997 100063713997
100061206036|1206036 100061206036
100065416249|5416249 100065416249
100061969822|1969822 100061969822
100060386589|0386589 100060386589
100065732366|5732366 100065732366
100060167336|0167336 100060167336
100060601544|0601544 100060601544
100064055920|4055920 100064055920
100069777799|9777799 100069777799
100068446705|8446705 100068446705
100067370480|7370480 100067370480
100060032656|0032656 100060032656
100069171200|9171200 100069171200
100064361017|4361017 100064361017
100060567035|0567035 100060567035
100069003370|9003370 100069003370
100066847715|6847715 100066847715
100063478461|3478461 100063478461
100068064845|8064845 100068064845
100061519722|1519722 100061519722
100069877971|9877971 100069877971
100064024244|4024244 100064024244
100069871504|9871504 100069871504
100063544028|3544028 100063544028
100067481548|7481548 100067481548
100065179507|5179507 100065179507
100063258031|3258031 100063258031
100067513876|7513876 100067513876
100065742455|5742455 100065742455
100068831227|8831227 100068831227
100061731908|1731908 100061731908
100065001842|5001842 100065001842
100063865628|3865628 100063865628
100065071429|5071429 100065071429
100065009623|5009623 100065009623
100064449631|4449631 100064449631
100064787986|4787986 100064787986
100061078503|1078503 100061078503
100063688757|3688757 100063688757
100062352749|2352749 100062352749
100062749378|2749378 100062749378
100063509995|3509995 100063509995
100067564185|7564185 100067564185
100068449413|8449413 100068449413
100063434695|3434695 100063434695
100067815250|7815250 100067815250
100062557569|2557569 100062557569
